image: trl_l3_caato2.pgm
resolution: 0.050000
origin: [-18.863934, -43.605771, 0.000000]
negate: 0
occupied_thresh: 0.65
free_thresh: 0.196

