image: trl_l4_caato2.pgm
resolution: 0.050000
origin: [-26.806836, -37.635107, 0.000000]
negate: 0
occupied_thresh: 0.65
free_thresh: 0.196

