image: trl_l6_caato2.pgm
resolution: 0.050000
origin: [-18.213870, -14.031274, 0.000000]
negate: 0
occupied_thresh: 0.65
free_thresh: 0.196

